----------------------------------
Begin logging optimization results
2024-06-03 15:33:16.262309
----------------------------------
----------------------------------
Begin logging optimization results
2024-06-03 15:54:25.203238
----------------------------------
----------------------------------
Begin logging optimization results
2024-06-03 15:56:45.669467
----------------------------------
----------------------------------
Begin logging optimization results
2024-06-03 15:58:58.385662
----------------------------------
----------------------------------
Begin logging optimization results
2024-06-04 08:38:41.739323
----------------------------------
----------------------------------
Begin logging optimization results
2024-06-04 09:03:07.721364
----------------------------------
----------------------------------
Begin logging optimization results
2024-06-04 09:10:25.608033
----------------------------------
----------------------------------
Begin logging optimization results
2024-06-04 09:10:57.604712
----------------------------------
----------------------------------
Begin logging optimization results
2024-06-04 16:19:11.688570
----------------------------------
2.6098652655115657 [ 0.40443091  0.40039916  0.21400766 -0.00111421  0.54090013]
0.6367509301371221 [ 0.8089571   0.46406054  0.65857347 -0.01203895  0.67255303]
1.9662474774706986 [0.59626487 0.70621652 0.52893487 0.00601852 0.24866966]
0.19673168585255785 [0.38324134 0.19189111 0.42126054 0.00364285 0.14724026]
0.43341463136388797 [ 0.27775188 -0.1         0.28180529  0.0053736   0.70761533]
----------------------------------
Begin logging optimization results
2024-06-04 21:46:47.953846
----------------------------------
----------------------------------
Begin logging optimization results
2024-06-04 21:49:36.999120
----------------------------------
0.1346232919246034 [ 0.76053067  0.11899567  0.36953576 -0.02595793  0.47386529]
0.2664611948376539 [ 0.46045604 -0.1         0.22592452 -0.01823418  0.75447768]
0.11230079714212854 [ 0.71831388  0.20035423  0.3634579  -0.02012251  0.17150884]
0.2267772958335612 [ 0.46007857  0.24963342  0.48016466 -0.00144926  0.38033726]
0.14241823332484804 [ 0.54044209  0.29472068  0.39437357 -0.00454608  0.22435033]
0.14167482933619657 [ 0.3570652  -0.1         0.22956096 -0.00835561  0.62263848]
0.32345894832957867 [ 1.          0.25673896  0.36690175 -0.03        0.46431586]
0.06160602668596709 [ 0.45330969  0.08927321  0.36629348 -0.00965761  0.37738213]
0.7200522379942482 [ 0.78101591  0.42356029  0.67866807 -0.01483771  0.79445516]
0.2063853463698023 [ 0.52042403  0.18137371  0.43165042 -0.01176924  0.61446275]
0.05643888722544836 [ 0.45420949  0.08438135  0.35898461 -0.01019447  0.37914815]
0.1350199874875111 [ 0.81093302  0.30927766  0.40784734 -0.01722014  0.22984346]
0.19364319784476036 [ 0.58666131  0.33897778  0.43247062 -0.00437354  0.16358899]
0.6802464195176872 [ 0.48472753 -0.01079961  0.22826877 -0.01780282  0.15352016]
1.913665878079804 [0.45869322 0.66583374 0.44577972 0.00391258 0.1837352 ]
0.09673690457212643 [ 0.50870369  0.14358304  0.39430037 -0.01058548  0.32427624]
0.22018724954753952 [ 0.98378559  0.24167153  0.35218823 -0.02855334  0.14202639]
0.15756520727233342 [0.51013955 0.33579144 0.43274809 0.00110483 0.16994421]
0.1313607595303209 [ 0.35515479 -0.00674178  0.3305745  -0.00380069  0.20027747]
0.3639121954202403 [0.466225   0.36239799 0.49395636 0.02188834 0.22169812]
1.9945963343101494 [ 0.26441108 -0.00755661  0.23879908  0.02405382  0.74528419]
0.1808813717455592 [ 0.88377175  0.12950374  0.3594663  -0.02967638  0.47199601]
0.09670518378774665 [ 0.45488189  0.11610154  0.31536576 -0.00901269  0.33980778]
0.13866011319663596 [ 0.40241548  0.03762855  0.27043348 -0.00839954  0.42470771]
0.29720652150321597 [ 1.          0.2710759   0.4888885  -0.03        0.47574517]
0.09694444763115029 [ 0.45647251  0.1037457   0.30659809 -0.00954645  0.3458263 ]
1.614288166921791 [0.97065154 0.25300222 0.25517409 0.00340807 0.27321132]
0.2675972182737786 [ 0.46618762 -0.1         0.23161092 -0.0192802   0.8       ]
0.14705176484246676 [4.98281002e-01 2.65321079e-01 3.67070803e-01 6.61381887e-05
 6.13302809e-02]
0.08209991035763406 [ 0.41643265  0.07791477  0.2912848  -0.00732034  0.36924308]
0.12634445403708167 [ 0.33287325 -0.1         0.24132338 -0.00515708  0.5716494 ]
0.1353834625643124 [ 0.54385331  0.07894806  0.33181892 -0.01861512  0.45840676]
0.13599973060812837 [ 0.34797963 -0.1         0.23643087 -0.0073104   0.60398797]
0.069142297604215 [ 0.46357418  0.22091655  0.36306911 -0.00292724  0.11160765]
0.0957176637772565 [ 0.43277008  0.13298468  0.29420493 -0.00472958  0.31724463]
0.19096466556811761 [ 0.50103829  0.28568118  0.47682994 -0.00492986  0.2776966 ]
1.6313515370056229 [0.57634004 0.48935698 0.61633065 0.03772243 0.62503031]
0.09502372640685586 [ 0.26425142 -0.09276957  0.24533009  0.00590604  0.44236841]
0.371811256047667 [ 0.68853618 -0.04610437  0.26724352 -0.03        0.38400373]
1.7885553861962682 [ 0.57725888  0.87794927  0.3750447  -0.00417923  0.16990934]
2.3960725599672896 [ 0.48482622  0.88520503  0.22483604 -0.00989664  0.59207035]
0.11407076627963753 [ 0.72531     0.19831859  0.37179987 -0.02144468  0.1801632 ]
0.1933655458275187 [ 0.30069323 -0.0754673   0.25786221  0.00054044  0.20434487]
0.08478398471707083 [0.3047351  0.12699317 0.39519033 0.01402434 0.20320843]
0.20391902099895412 [0.31428919 0.00099883 0.27320808 0.00353019 0.39116147]
3.105163643447246 [0.44355553 0.88215865 0.60343045 0.00620534 0.25148509]
0.17840824995035914 [ 0.73593887  0.04981257  0.3450597  -0.03        0.67678237]
0.4702603727717517 [ 0.9103904   0.19713728  0.4197049  -0.02883311  0.8       ]
----------------------------------
Begin logging optimization results
2024-06-05 08:40:51.459755
----------------------------------
----------------------------------
Begin logging optimization results
2024-06-05 09:26:38.627032
----------------------------------
0.09041514568186969 [ 0.54003992  0.33153865  0.42623164 -0.00075587  0.16743464]
0.022493042033373864 [ 0.29167507 -0.1         0.23593102  0.00116147  0.48425549]
0.06822175080877536 [ 0.91645215  0.30966202  0.40937423 -0.02286655  0.20689427]
0.016564872533781538 [ 0.75949625  0.07790384  0.27851883 -0.0272679   0.54374516]
0.03180392069265449 [ 0.68886343  0.22117965  0.36663461 -0.0188181   0.13452915]
0.14052995268002472 [ 0.463004    0.24795532  0.47979126 -0.00296465  0.47209808]
0.012615920039880315 [ 0.68964353  0.11873424  0.30743808 -0.02231197  0.41938659]
0.032171178412436725 [ 0.77102645  0.1815252   0.35603733 -0.02423141  0.24646358]
----------------------------------
Begin logging optimization results
2024-06-05 11:34:33.267588
----------------------------------
0.007591589290653405 [ 0.55604572  0.26085289  0.39901368 -0.00562601  0.24540281]
0.2622596824057537 [ 0.42586371  0.07705254  0.37239438 -0.00880659  0.70730876]
0.01605453025482062 [ 0.51453961  0.26407067  0.41516506 -0.00372729  0.13069938]
0.004390822688231647 [ 0.71561837  0.25059037  0.38320559 -0.01505204  0.25623355]
0.006574399647721093 [ 1.00000000e+00  2.37756016e-01  3.51847840e-01 -3.00000000e-02
  3.74816776e-04]
0.0062333580113606984 [ 0.79109672  0.25236757  0.39376814 -0.01973699  0.34037714]
0.135941491046025 [ 0.52630552  0.16475853  0.43297565 -0.01248409  0.39667844]
0.40894144656449727 [ 0.37459853 -0.1         0.39141261 -0.01257788  0.54725428]
----------------------------------
Begin logging optimization results
2024-06-05 13:46:15.354986
----------------------------------
0.176348699564748 [ 0.96379268  0.05444713  0.32644696 -0.03        0.67043129]
0.012642446065504756 [ 0.59676079  0.26533289  0.39779757 -0.00380977  0.24496287]
0.21106017225541707 [ 0.74473668  0.15360949  0.44431594 -0.02224528  0.68561494]
0.08761176771294185 [0.37584771 0.26760086 0.42609437 0.02631587 0.3513281 ]
0.33218077773436416 [ 0.62198358 -0.1         0.24623324 -0.02418982  0.8       ]
0.038250338464080644 [ 1.          0.23889761  0.36626493 -0.02262017  0.48783043]
0.14950597778388755 [ 0.62483595  0.06295885  0.37301737 -0.01903015  0.67880461]
0.019242746532629865 [ 1.          0.240891    0.3770186  -0.02224595  0.43902954]
----------------------------------
Begin logging optimization results
2024-06-06 11:11:56.412492
----------------------------------
----------------------------------
Begin logging optimization results
2024-06-06 11:15:45.629133
----------------------------------
0.011822539603900457 [-0.01491199  0.11446644  0.17699188  0.68214199  3.91706202]
0.009540819544455013 [-0.02279786  0.11847848  0.19111276  0.72701917  4.00797287]
0.04126467130723154 [-0.02449757  0.14541222  0.25373126  0.60033656  4.5       ]
0.02731243834336909 [-0.00575453  0.16447785  0.24881052  0.7105628   2.11334467]
0.005960357656554532 [-0.04        0.13875762  0.22723054  0.96695143  3.45669482]
0.0049173277453233985 [-0.04        0.16575657  0.25574108  1.19370977  2.27235729]
0.05100895698903476 [0.03461468 0.02173793 0.07519185 0.43433599 3.7570464 ]
0.004988275667517983 [-0.03841504  0.16494482  0.25705242  1.2         2.14390953]
----------------------------------
Begin logging optimization results
2024-06-06 14:31:29.387297
----------------------------------
1.4805540129690118 [0.94001696 1.4861727  0.69009037 0.96893285 0.67852643]
1.406311623842573 [0.48685522 0.95825619 0.2427323  0.16873504 2.26945648]
0.49060745873749056 [0.80108478 0.52241914 0.57154063 0.53690869 1.49513156]
1.4775525224490906 [0.86597979 1.5        0.68919405 0.45456206 2.12198481]
0.31460941807990944 [0.85869242 0.61127735 0.66621152 0.57085632 1.64566162]
0.1616853841812549 [0.37530951 0.10497685 0.1495864  0.07335981 2.46146191]
1.4880532606992531 [0.58374033 1.05578344 0.32002075 0.11410948 3.99835475]
0.2693909316818683 [0.66048845 0.40147869 0.4658691  0.2686956  4.5       ]
----------------------------------
Begin logging optimization results
2024-06-06 22:39:41.713412
----------------------------------
0.10985001398771616 [-0.00978929  0.50597318  0.60834254  1.6         0.26740782]
0.07685908884949327 [-0.02923592  0.22940013  0.36944648  0.01040481  0.1       ]
0.04359338956049869 [-0.02871369  0.24334204  0.40444592  0.10339434  3.7416594 ]
0.45597609813164375 [-0.01506201  0.43330568  0.5184987   0.20422889  4.5       ]
0.0716174456331868 [-0.0289343   0.25504128  0.42766294  0.27077041  0.5565926 ]
0.0437516018057138 [-0.02892285  0.23805447  0.40092975  0.08599652  1.77384149]
0.12957454316425784 [-0.0153412   0.44082111  0.5633241   0.71587447  0.60214303]
1.1744320342640164 [-0.00521057  1.5         0.66303667  1.08146258  0.46413869]
0.12805818256294466 [-0.02956687  0.24543325  0.40047284  0.3049119   0.1       ]
0.043515596855194766 [-0.02890012  0.23895233  0.40150158  0.02942365  4.41033585]
0.25007239048018537 [-0.024481    0.33964716  0.49696461  1.6         0.1       ]
1.2355147231213277 [-0.01224768  1.21405791  0.4756296   0.04302474  2.63488264]
0.04353037353597711 [-0.02888983  0.23901532  0.40107317  0.03586831  4.46490533]
0.20520689621303861 [-0.02288823  0.37357631  0.5415843   0.23035843  3.79310989]
1.2217668427565946 [-0.01176803  1.12436069  0.46358711  0.03217975  3.53605656]
0.09761646926347792 [-0.01099077  0.50322793  0.60811403  0.30986603  3.67133476]
1.088345191119157 [-0.02505574  0.29580522  1.27982985  0.26150499  0.1       ]
0.044948318125665465 [-0.02886609  0.24191961  0.40391469  0.06402617  4.5       ]
0.11555188657856535 [-0.01244446  0.47457508  0.5880496   0.76216091  0.61553532]
0.16980105057203304 [-0.01859656  0.40057288  0.53063041  0.23272576  4.5       ]
0.09027265689174546 [-0.01446038  0.4498985   0.57086721  0.26261693  4.45552044]
0.1024093880246562 [-0.01032278  0.52129359  0.62928685  0.54072967  1.29417945]
0.07732956853123452 [-0.02902696  0.22885903  0.36928604  0.01275605  0.1155258 ]
0.11949945046036554 [-0.02860323  0.25189021  0.4039322   0.54033978  0.1       ]
1.281309181016391 [-0.02368515  1.5         0.45846265  0.03081646  4.331867  ]
0.1572270921286888 [-0.02763587  0.25767029  0.40622565  0.72702604  0.1       ]
0.09154144264644884 [-0.02234114  0.3641127   0.51067118  0.29477698  1.95962724]
0.10952395646365226 [-0.01302445  0.46376047  0.58056744  0.61997699  0.83506976]
0.07908150995605272 [-0.02855479  0.24545981  0.39332284  0.06836405  1.05235343]
1.0883668173088494 [-0.0250631   0.2925929   1.49965048  0.01502077  4.49924742]
0.17272863641681344 [-0.02677471  0.28833451  0.44782167  1.01014828  0.1       ]
0.0750757562648011 [-0.02799499  0.25572667  0.40358081  0.10479602  2.05167762]
0.26666489119223297 [-0.02784146  0.28835323  0.46345348  1.56077593  0.1       ]
0.04392586667516278 [-0.02910232  0.23513638  0.40100569  0.0355945   4.05001765]
0.14143594712873597 [-0.02408143  0.35442166  0.50530412  0.27209465  2.16641167]
0.04368145743835186 [-0.02886345  0.24021722  0.40108087  0.04056866  3.22359015]
0.043773153270208545 [-0.02906337  0.23573761  0.40098089  0.02243119  4.22717997]
1.198980232406708 [-0.00769126  1.41234254  0.64941385  0.94157199  0.47381797]
1.0899691141764838 [-0.02550505  0.28530797  1.5         0.01573538  3.14824854]
0.04376927610728281 [-0.02888289  0.24021951  0.40147467  0.02938214  4.46830593]
0.10123913343034252 [-0.01072402  0.50079684  0.60473889  0.54057913  1.21510822]
1.1004812302589158 [-0.01123289  0.48518622  1.2793153   1.16440859  0.20007158]
0.09623753727153996 [-0.01110937  0.50240414  0.60948229  0.28409559  4.49415275]
0.046959740894980444 [-0.02900009  0.24511954  0.40927844  0.23789831  0.32711853]
1.1654196873108622 [-0.00895643  1.15421168  0.63077546  0.71574913  0.69296494]
0.043670157635430105 [-0.02902017  0.23673877  0.40112701  0.05526307  4.5       ]
1.209978357134002 [-0.01180515  1.48461732  0.59200083  0.11715111  2.86855366]
1.2062751363804658 [-0.01162759  1.47533199  0.61045289  0.08774122  4.34642481]
----------------------------------
Begin logging optimization results
2024-06-07 19:17:44.910985
----------------------------------
0.031406948634021555 [-0.03974207  0.12169349  0.21904513  0.79089188  4.2778295 ]
0.21271364098285261 [-4.18548169e-03  7.21711709e-02  1.57827385e-01  4.29884139e-01
  5.00546247e+00]
0.10138238613406296 [-0.02986828  0.15031024  0.2556639   0.48269239  6.18843662]
0.06227896503313511 [-0.05        0.14295459  0.27455543  1.01805564  3.43457742]
0.1420516067967148 [0.0226357  0.16887399 0.30402375 1.58538577 0.43798748]
0.023915114789982185 [-0.03300497  0.13437355  0.23127561  0.86582074  2.93269154]
0.23399717079500842 [-0.01158771  0.16260879  0.29582902  0.65666448  1.99019091]
0.6071187980787438 [0.02739582 0.1051237  0.47398315 0.38730919 5.71910881]
----------------------------------
Begin logging optimization results
2024-06-07 22:38:38.375162
----------------------------------
----------------------------------
Begin logging optimization results
2024-06-07 22:41:50.664773
----------------------------------
0.3536143749192361 [-0.0117823   0.17386484  0.60437371  0.8967633   1.47460919]
0.16147433260650695 [0.00923868 0.05967583 0.34423474 0.5285904  5.94984679]
0.08950391011920271 [0.02383825 0.17456288 0.30959104 1.25902426 0.47608107]
0.14824578536138394 [0.02855062 0.08262092 0.23608461 0.75948989 1.71529666]
0.04082833235271649 [0.00602067 0.13666013 0.22162386 0.84565689 1.29575332]
0.06427656658495765 [-0.01958256  0.0866449   0.16455658  0.8119013   3.32410214]
0.06427657947120692 [-0.02403677  0.07587548  0.15007744  0.71829779  4.90992084]
0.18149572705333325 [0.00713748 0.07745824 0.14784694 0.61498166 2.89153987]
0.14302752761839296 [0.01831858 0.05454892 0.10568826 0.48792119 6.34846967]
0.030896983783151564 [-0.03960224  0.11551164  0.2122147   0.76048759  4.68267436]
0.08090669687020287 [-0.03164708  0.14673343  0.2566469   0.4884055   6.5       ]
0.4985182450341975 [-0.00638927  0.09327266  0.70687169  0.45434007  5.9839887 ]
0.37422232241424724 [-0.04045676  0.12988787  0.64952211  0.78890713  4.33927014]
0.1869758986434295 [0.01620514 0.1766165  0.32260023 0.73490518 0.95573819]
0.23006786986003344 [-1.82610176e-03  1.31607042e-01  2.55242374e-01  5.80035321e-01
  2.04806274e+00]
0.3536143401088192 [0.00959234 0.17666485 0.51230903 0.84376666 1.00294452]
0.006443937743209359 [-0.02264152  0.17697137  0.29347096  1.29307774  1.03552322]
0.3540517377675636 [-0.02469131  0.17515456  0.62180924  0.90984893  1.94965222]
0.129008975963675 [0.00780707 0.16905263 0.30373666 0.68714779 1.22170462]
0.5413414889341885 [0.02058732 0.07610163 0.49351241 0.40293975 6.49362502]
0.31220048954935575 [-0.04005372  0.06761503  0.22110437  0.54636378  5.04045045]
0.16185540850916946 [0.01419125 0.06308924 0.13028086 0.4647553  6.05121557]
0.5107198561520687 [-0.01852527  0.1630915   0.66854518  0.60389226  3.337044  ]
0.24127952713660164 [-0.01573502  0.12461352  0.24395936  0.53909502  3.04904043]
0.28240841973602016 [-0.00502122  0.09633014  0.25813124  0.74879239  1.09949299]
0.3840736023766982 [-0.04978523  0.15525575  0.62696531  0.83655926  4.55162269]
0.02880745101411536 [-0.02891967  0.15324908  0.27344957  1.10057117  1.60787981]
0.006560004205050112 [-0.02020737  0.1396567   0.2370855   0.89176123  1.97900901]
0.3600643577690038 [0.01617905 0.12856515 0.55429938 0.75584247 1.31698495]
0.09183549417498839 [-0.04990977  0.10806006  0.19554746  0.82139244  6.47017883]
0.03569810064068445 [-0.00563322  0.14906084  0.23950341  0.92753591  1.34222556]
0.24565814940603753 [-0.02056416  0.10335174  0.22444179  0.49348959  4.42468911]
0.0921461987819 [-0.01990319  0.15753633  0.26544133  0.51301386  4.18175322]
0.38511184790195124 [-0.05        0.16644293  0.59776484  0.83315529  4.28298734]
1.0372066119335768 [-0.00328454  0.20199752  1.15826503  1.58228251  0.6601393 ]
0.3852119061238975 [0.02834576 0.06236549 0.57229809 0.43092843 5.90649708]
0.2254068448786412 [0.02340979 0.09111956 0.29822131 0.58764994 3.17564611]
0.36065414275512203 [-0.02584825  0.1191105   0.6234271   0.73173676  3.43553469]
0.14372250004088144 [0.00939426 0.05701725 0.11113301 0.50727341 6.5       ]
0.01024366125516762 [-0.02017778  0.1339179   0.23132158  0.85675364  2.13052396]
0.14657767350729137 [-0.00669172  0.06454984  0.26406845  0.69584631  4.34116317]
0.18344521844067185 [-0.04731539  0.14226201  0.27749569  0.70968282  5.18735919]
0.1025249678756938 [-0.04845842  0.15999126  0.31320098  1.49421017  2.19322003]
0.23537515959865718 [0.02091931 0.11877638 0.2155405  0.4647664  3.05591915]
0.2180307684176533 [0.01433007 0.17894627 0.32659028 0.73421464 0.98689216]
0.21985458399596777 [-0.01221302  0.09166576  0.18882288  0.4669066   4.32668558]
1.0577720357971792 [0.029603   0.15955761 1.32109195 1.02540978 0.76318199]
0.03359774951274254 [-0.03828534  0.10696479  0.20135756  0.71411794  5.18603202]
0.14379700344219395 [-0.04217155  0.11787258  0.34458561  1.14017631  3.65836152]
0.00519392628576686 [-0.01524709  0.17982925  0.29264562  1.32936865  0.82588793]
0.006675698221412481 [-0.02092423  0.14451268  0.24208804  0.91759185  1.90132506]
0.0036256429087721032 [-0.01851022  0.18028147  0.29555234  1.34092677  0.87990136]
0.006928689092733571 [-0.01853816  0.17049732  0.28609863  1.24821596  0.99229555]
0.005661243697322764 [-0.02089391  0.17966691  0.29442993  1.31034339  0.96957672]
0.10825233859033956 [-0.04319612  0.21980613  0.31694855  1.6         1.57889309]
0.010451450986596377 [-0.01927029  0.1863319   0.29780645  1.45022312  0.81395457]
0.003767967480552886 [-0.01890275  0.17920965  0.29434648  1.33572351  0.89404216]
0.003954456620030623 [-0.01656797  0.1811472   0.29545643  1.35706541  0.82487826]
0.003770663881985879 [-0.01838255  0.18018219  0.2954924   1.34329583  0.87584917]
0.003364702540563794 [-0.01818209  0.18023912  0.29520326  1.33951962  0.87414192]
0.021215524918654673 [-0.02537156  0.15520016  0.27359143  1.11372073  1.42933035]
0.0035813606536148146 [-0.01799693  0.18113706  0.29435472  1.33587665  0.87527019]
0.0290267321309421 [-0.02020289  0.19403623  0.31119507  1.6         0.7099782 ]
0.02787290568452351 [-0.03272901  0.16651086  0.28714018  1.20762256  1.50479189]
0.007614085749789794 [-0.02017324  0.14615951  0.2422341   0.9255776   1.84184096]
0.005002760347908673 [-0.02177214  0.17927273  0.29632107  1.3179454   0.98126574]
0.012381524463662235 [-0.01365888  0.15506004  0.27210969  1.13529587  1.04297989]
0.003456769180086406 [-0.01882424  0.1803035   0.29505499  1.33677312  0.89159712]
0.006251628073457357 [-0.02001014  0.17307231  0.28911398  1.26704463  1.00232886]
0.018547963160190504 [-0.00972511  0.16484834  0.28279275  1.21369401  0.8490936 ]
0.0054890882224913244 [-0.01346578  0.18362107  0.29592421  1.3697194   0.75691041]
0.003465093729395446 [-0.01821632  0.18061759  0.29464472  1.34128432  0.87478688]
0.007242651396901287 [-0.02036257  0.13976294  0.2363088   0.89233595  1.98197047]
0.008955100843361447 [-0.01184933  0.17484247  0.29031988  1.29235355  0.80363584]
0.025490334672271447 [-0.0061706   0.15928151  0.27693284  1.16074064  0.85459124]
0.008444505492337127 [-0.01163208  0.18445003  0.29610457  1.37636954  0.72529188]
0.00345410463439071 [-0.01652992  0.18194839  0.29485838  1.35388547  0.82833751]
0.003271657606801179 [-0.01810122  0.18045961  0.29494071  1.33688717  0.87587432]
0.0034698943567169024 [-0.01799263  0.18003966  0.29555857  1.33971308  0.8695919 ]
----------------------------------
Begin logging optimization results
2024-06-11 12:32:52.189613
----------------------------------
----------------------------------
Begin logging optimization results
2024-06-11 22:07:39.219736
----------------------------------
0.05625412589472564 [0.07421213 0.19940125 0.85327777 6.72157794 0.65096258]
0.011098000105218078 [0.14263732 0.39202563 0.67448741 2.98756957 0.70388596]
0.18047876741120292 [ 0.08021499  0.32170595  0.71746356 12.69790157  0.76407628]
0.21105665095221787 [0.16425372 0.3160167  0.96888628 5.13511152 0.7196252 ]
0.01506506090421237 [0.06430125 0.27537903 1.82583911 6.9031302  0.43865512]
0.2237562878780679 [0.11691704 0.19730903 0.76042651 3.36376187 0.7653086 ]
0.31439223054850945 [0.17703752 0.23416829 0.6559233  8.4826205  0.64618765]
0.2022104983549157 [ 0.09812156  0.4209137   0.48916792 12.71522776  0.83528047]
----------------------------------
Begin logging optimization results
2024-06-11 23:06:18.332083
----------------------------------
0.01255329837829673 [0.05126712 0.31967716 1.63774471 8.19435013 0.4212261 ]
0.05625412589472564 [0.07487088 0.2230575  0.64211497 6.64363375 0.67213656]
0.07987965119143828 [0.08320946 0.36437974 0.19944384 3.9937322  1.11417525]
0.06258015638946578 [ 0.03941139  0.3340603   0.16090422 10.18490925  1.20753464]
0.05625411428182116 [ 0.05040104  0.13672911  0.499034   11.03724869  0.71836562]
0.27969254292879164 [0.16525146 0.29593284 0.79076078 5.28764992 0.41715778]
0.2817865257628433 [0.12039917 0.42536121 0.92768797 9.79943815 0.55664792]
0.01109931546791368 [0.08959555 0.35898678 0.64474904 4.59464384 0.73317457]
0.011097846207601384 [0.12694192 0.34446061 1.82260091 3.1188549  0.40582192]
0.01931095359706944 [0.14475888 0.38999175 0.98263147 3.54059636 0.52279453]
0.3363270372888028 [ 0.12811589  0.13082747  0.48827321 11.2197397   0.72124211]
0.005632528698969883 [0.1702808  0.43555005 0.74168024 1.0300354  0.79612635]
0.3655223579380612 [0.11104584 0.17165099 0.79173306 7.06926316 0.76831322]
0.019243856738019212 [0.10331181 0.27516929 0.29657248 3.8292276  0.93424051]
0.1339160702601279 [ 0.07615988  0.34659741  1.49477147 12.29571086  0.46232025]
0.02372430873498405 [ 0.04622533  0.21826746  0.04828437 12.6627997   1.5       ]
0.3547325167959361 [0.1345957  0.36099329 0.71363841 5.00350629 0.47334779]
0.13988901906943593 [0.20470568 0.50163798 1.28773972 3.18671434 0.5054627 ]
0.03584406339836859 [0.12129663 0.44770792 0.21141171 4.53106336 1.01089088]
0.13091376676187114 [ 0.09082973  0.4034989   1.50813416 12.01512983  0.4       ]
0.2612094947555972 [0.05543641 0.15625557 0.34921619 7.38875237 0.93631431]
0.05903959488786783 [0.15892502 0.29205691 0.30421063 4.28476948 0.81401859]
0.3279414786028556 [0.17757239 0.48490295 0.465109   6.82560405 0.80578752]
0.05026493174136817 [0.06093282 0.29318228 0.27750266 7.98793893 0.96042768]
0.5200473107373842 [ 0.1236963   0.25087391  0.05602501 11.24624012  1.07100909]
0.35012542543133174 [0.17887333 0.40216736 0.69148725 4.5809854  0.80398772]
0.008926061694471304 [0.1575882  0.35954627 0.85447348 2.13628982 0.63931165]
0.21012985803427348 [ 0.09015471  0.36990822  0.65806438 10.26869712  0.77609631]
0.01151747462429769 [ 0.05328014  0.14927477  0.11170173 12.71522776  1.07132511]
0.44387523071228785 [0.24241482 0.40923407 1.22157987 2.93912575 0.47926472]
0.1329045499281021 [ 0.07719281  0.34526273  1.72991877 11.82053353  0.41593281]
0.22827058239538675 [0.11788672 0.42463362 0.94098067 7.98584847 0.63368421]
0.038727642234283405 [0.17810772 0.38396508 0.70331558 1.80385712 0.7152242 ]
0.005928807253410542 [0.18246894 0.44584332 0.79116024 1.00883677 0.78462328]
0.00891164719837763 [0.20245716 0.42655174 0.47658556 1.27613824 0.91429547]
0.021589077984761004 [0.17999971 0.38237941 0.73497263 1.37459769 0.78657318]
0.0056276792457191326 [0.16696009 0.43850271 0.8758633  1.02871873 0.73509862]
0.005785484409240449 [0.16180829 0.4148752  0.77270351 1.01452586 0.80187597]
0.005790600498417609 [0.16539079 0.41695974 0.72544307 1.03882917 0.81755259]
0.005628231103426777 [0.16333453 0.44211589 1.05806123 1.02974502 0.66605189]
----------------------------------
Begin logging optimization results
2024-06-12 09:15:52.026459
----------------------------------
----------------------------------
Begin logging optimization results
2024-06-12 09:40:34.751297
----------------------------------
0.03546379877747256 [0.19952843 0.41760806 1.91014061 0.50154233 0.55105235]
0.03223667571712493 [0.17627276 0.37697478 1.03638526 0.27144755 0.70975344]
0.02042714291863325 [0.19805494 0.38221232 0.23601333 0.64271999 1.26091586]
0.43628002870959154 [0.05390433 0.755308   0.73288797 1.         1.36147478]
0.4378731569438804 [0.02203632 0.9125817  1.8786151  1.         1.34514372]
0.3216798159799123 [0.22885831 0.45425384 1.36317819 0.83009376 0.62885041]
0.05352811264271603 [0.13384035 0.27065862 1.99       0.8149003  0.67567782]
0.4362791988165609 [0.04405356 0.84954961 0.90053684 1.         1.36008596]
----------------------------------
Begin logging optimization results
2024-06-12 21:14:51.568241
----------------------------------
7.450886087411949e-09 [0.14529946 0.42081934 0.99172148 0.43656438 0.80467666]
0.2488981352183309 [0.18261751 0.39682413 0.8039435  0.84229949 0.92412867]
0.09566483183081358 [0.17818225 0.32940432 0.83745911 0.06599911 1.9       ]
0.0006816918613868336 [0.14367049 0.33516316 0.42026611 0.65245767 1.09148313]
0.5161128438251191 [0.34222979 0.43920038 0.67777563 0.66118649 1.03497135]
0.11258892418680416 [0.09473274 0.17210039 1.31131852 0.57214231 1.87101582]
0.46438781091096815 [0.25427103 0.99       0.46427776 0.54498664 1.9       ]
0.3449401792269364 [0.28810719 0.34509671 1.98793984 0.64677613 0.69796689]
----------------------------------
Begin logging optimization results
2024-06-12 21:57:40.410097
----------------------------------
0.24890849705897566 [0.17701305 0.39141196 1.00905826 0.99467558 0.81664065]
0.3880674541840264 [2.91938882e-01 9.90000000e-01 1.30139718e+00 1.66926736e-03
 1.90000000e+00]
0.04288820900862375 [0.10244414 0.22546563 1.33447026 0.8567152  0.90323851]
0.034462191346174696 [0.11069813 0.23634732 0.92095318 0.85264313 1.01409785]
0.48266024651715156 [0.27388262 0.60107292 1.24934658 0.47325728 1.86474006]
0.0016743630177120205 [0.19982245 0.38350866 0.2363179  0.56099277 1.74864462]
0.041775740873383864 [0.07130311 0.15754815 1.73370371 0.90843244 0.93477939]
0.03988887667255743 [0.17614835 0.31095175 1.44117574 0.44203562 1.83184179]
----------------------------------
Begin logging optimization results
2024-06-12 22:46:16.553000
----------------------------------
----------------------------------
Begin logging optimization results
2024-06-12 22:48:38.490337
----------------------------------
----------------------------------
Begin logging optimization results
2024-06-12 22:49:14.544778
----------------------------------
1.0163104887736236e-06 [0.16901543 0.28090733 0.64129525 0.72780313 1.67438191]
0.024580423109041422 [0.03210933 0.07375888 1.98435783 0.93775589 0.99847984]
7.276255944298774e-10 [0.16950232 0.28640178 0.46205568 0.73043218 1.65330702]
0.05273802121782662 [0.15609881 0.3119609  1.16493531 0.74882091 0.82471297]
0.06104100004627613 [0.16573859 0.29441999 0.17021962 0.47886281 1.53993639]
0.0015646308323049097 [0.16063275 0.30692079 0.16768166 0.00640645 1.50771168]
0.01854751282492252 [0.20424642 0.3945141  0.25272445 0.64497472 1.25059122]
3.0577220920993e-05 [0.20922838 0.35325299 0.39582004 0.58423511 1.6567101 ]
0.009914716016874887 [0.19349918 0.38125667 0.18465698 0.67134896 1.37530773]
0.07665983816007009 [0.0897205  0.22159233 0.41922116 0.92143883 1.17907015]
0.15177161567501274 [0.28533191 0.40119327 0.84966583 0.00105341 0.8237138 ]
0.002008290155965876 [0.14751499 0.31203642 0.46189846 0.66832973 1.02782823]
0.052867596296635226 [0.10839147 0.21465636 1.48615374 0.85016522 0.86894582]
0.0002872512866728774 [0.20169701 0.33919792 0.40894034 0.57191762 1.6558616 ]
4.673781997731334e-05 [0.09881485 0.16526987 0.50883349 0.89373629 1.57803798]
7.260233004131483e-05 [0.21439723 0.35861524 0.40662943 0.60857755 1.65964054]
0.004288359431582405 [0.16508637 0.29760022 0.20378193 0.64055331 1.57084472]
0.09482388307324945 [0.13853168 0.31892774 0.21902441 0.89478735 1.26223191]
0.3496083092948575 [0.27601543 0.82546621 1.20881118 0.35505988 1.73088388]
0.007295305452602313 [0.15740112 0.24232786 1.4121786  0.8188023  1.7082071 ]
5.3794478783047544e-05 [0.17419032 0.28799944 0.59929243 0.69098297 1.67024128]
0.018890026506242934 [0.23175507 0.36791762 0.19140093 0.55652622 1.57142104]
0.03887372709409178 [0.08952422 0.17016358 1.30910547 0.89041739 0.99015214]
0.039397103628242364 [0.06527009 0.12490206 1.79528522 0.92373719 0.98800782]
1.862721521819899e-09 [0.16810243 0.28559368 0.44771343 0.72885125 1.65116369]
9.430027704287687e-09 [0.16167536 0.27564765 0.45831619 0.7460461  1.6508358 ]
0.06703869603116186 [0.06401063 0.12566837 1.13080097 0.92303731 1.13543815]
0.05809470459460473 [0.12440055 0.24549457 1.98822136 0.81715852 0.7275115 ]
0.022401176237789235 [0.13409004 0.20575854 1.51576566 0.6272741  1.70165645]
0.03546380823660529 [0.2131249  0.4306449  1.45858218 0.51173209 0.63581326]
0.3355553731765961 [0.27307986 0.83216769 1.80468894 0.4342008  1.7586525 ]
0.0008438703990051289 [0.15440501 0.23192521 1.98872504 0.85688647 1.72596871]
0.008911361412286028 [0.17485402 0.38680682 0.46923376 0.3604518  0.97538885]
----------------------------------
Begin logging optimization results
2024-06-13 06:42:58.763713
----------------------------------
1.0163104887736236e-06 [0.16901543 0.28090733 0.64129525 0.72780313 1.67438191]
0.024580423109041422 [0.03210933 0.07375888 1.98435783 0.93775589 0.99847984]
7.276255944298774e-10 [0.16950232 0.28640178 0.46205568 0.73043218 1.65330702]
0.01854751282492252 [0.20424642 0.3945141  0.25272445 0.64497472 1.25059122]
0.0015646308323049097 [0.16063275 0.30692079 0.16768166 0.00640645 1.50771168]
0.06104100004627613 [0.16573859 0.29441999 0.17021962 0.47886281 1.53993639]
0.05273802121782662 [0.15609881 0.3119609  1.16493531 0.74882091 0.82471297]
3.0577220920993e-05 [0.20922838 0.35325299 0.39582004 0.58423511 1.6567101 ]
0.009914716016874887 [0.19349918 0.38125667 0.18465698 0.67134896 1.37530773]
0.07665983816007009 [0.0897205  0.22159233 0.41922116 0.92143883 1.17907015]
7.260233004131483e-05 [0.21439723 0.35861524 0.40662943 0.60857755 1.65964054]
0.002008290155965876 [0.14751499 0.31203642 0.46189846 0.66832973 1.02782823]
0.15177161567501274 [0.28533191 0.40119327 0.84966583 0.00105341 0.8237138 ]
0.0002872512866728774 [0.20169701 0.33919792 0.40894034 0.57191762 1.6558616 ]
0.052867596296635226 [0.10839147 0.21465636 1.48615374 0.85016522 0.86894582]
4.673781997731334e-05 [0.09881485 0.16526987 0.50883349 0.89373629 1.57803798]
----------------------------------
Begin logging optimization results
2024-06-13 08:50:35.047921
----------------------------------
0.09482388365534991 [0.14257917 0.31731523 0.35741171 0.79388038 1.14861975]
0.004108940507539298 [0.09118834 0.1441516  0.52787175 0.9239172  1.66146305]
0.007404494717544402 [0.1524877  0.26834359 0.20666543 0.74297121 1.63506447]
0.33770787287885917 [0.2790475  0.87537358 1.16820082 0.27515609 1.83491119]
0.002167146762626992 [0.18507223 0.33122788 0.35110791 0.65090437 1.7320095 ]
0.2510886008994287 [0.19978743 0.38823266 0.69552879 0.83916063 0.96402516]
0.23323046148198884 [0.2814317  0.31511771 1.98872751 0.68236087 0.67874456]
0.0018126235793869024 [0.18371746 0.32817452 0.37490988 0.64799316 1.73505493]
0.0014933687811284468 [0.18656332 0.33594766 0.33601567 0.63696179 1.72893227]
0.018307039181773253 [0.13783368 0.23599455 0.86816066 0.58526078 1.75986804]
0.14091892398748795 [0.20204052 0.39967345 0.36857008 0.86978624 1.15673677]
0.6385931739573399 [0.22585953 0.90024414 1.24695284 0.97434141 0.71599094]
0.30834378984020366 [0.17922453 0.18169781 0.28449213 0.87675934 1.56447762]
0.35288317704681543 [0.25168978 0.89986257 1.97914316 0.56739111 1.84049398]
0.02077269864756289 [0.13000498 0.22046337 1.64546332 0.822716   1.78885729]
0.02376714366217609 [0.1426928  0.26452952 0.80887582 0.79645805 1.04044305]
----------------------------------
Begin logging optimization results
2024-06-13 10:09:06.578400
----------------------------------
0.9393969970966617 [0.42248506 0.6215535  1.26907773 0.5312043  1.81537699]
0.6169948022592474 [0.16128476 0.18177386 1.96395457 0.87594755 0.85428322]
1.0056328209728223 [0.37472283 0.50806551 1.94468979 0.37536796 1.83867649]
0.9228339689738345 [0.42005747 0.56919441 1.34737522 0.26703795 1.81464331]
0.012775833463611521 [0.05256064 0.08915266 0.79875736 0.96143436 1.632832  ]
0.6423532745262569 [0.37510582 0.81752236 0.2844117  0.45262091 1.72740489]
0.06856359313346125 [0.35181526 0.48665387 0.14588677 0.00180683 1.70222431]
0.6611761323538545 [0.32263922 0.29943941 1.97447367 0.7406214  0.73796467]
1.1267403387766262 [0.29951015 0.28561005 1.51132971 0.23760461 0.77959088]
0.3954205758702309 [0.24109201 0.98776183 1.53997105 0.73723779 1.81789346]
0.35233593201270746 [0.29402478 0.91586555 1.99       0.10627589 1.86781068]
0.8313463456699615 [0.36396515 0.86454497 0.6516138  0.11633994 1.77516228]
0.9460789349518018 [0.35237004 0.48592297 1.9820544  0.62875713 0.61279219]
0.6315427015042223 [0.28588396 0.35875953 1.99       0.55483674 0.65338857]
0.3234285814337558 [0.29906628 0.91793758 1.91929568 0.         1.86983026]
0.535132571956134 [0.21519434 0.46448936 0.23771309 0.73422768 1.61279806]
----------------------------------
Begin logging optimization results
2024-06-13 11:47:17.934114
----------------------------------
----------------------------------
Begin logging optimization results
2024-06-13 11:50:03.453769
----------------------------------
